q_e     = 1.60217e-19;
gamma_e = 1.76086e11;
mu_B    = 9.274009e-24;
h       = 6.626068e-34;
hbar    = 1.05457e-34;
k_B     = 1.38065e-23;
gamma_e = 1.76086e+11;
mu_0    = 4*pi*1e-7;
eps_0   = 8.85419e-12;
c       = 299792458;

% Approx

m_e     = 9.11e-31;
N_A     = 6.232e23;
m_p     = 1837 * m_e;

Z_0 = mu_0*c;
a_0 = 4*pi*eps_0*hbar*hbar / (m_e * q_e^2);